image_width: 640
image_height: 480
camera_name: narrow_stereo/left
camera_matrix:
  rows: 3
  cols: 3
  data: [604.212535, 0, 350.049845, 0, 608.43068, 208.665306, 0, 0, 1]
distortion_model: plumb_bob
distortion_coefficients:
  rows: 1
  cols: 5
  data: [-0.367547, 0.145182, 0.002899, 0.000418, 0]
rectification_matrix:
  rows: 3
  cols: 3
  data: [1, 0, 0, 0, 1, 0, 0, 0, 1]
projection_matrix:
  rows: 3
  cols: 4
  data: [532.64679, 0, 357.784881, 0, 0, 568.546875, 205.140251, 0, 0, 0, 1, 0]