image_width: 640
image_height: 480
camera_name: 08144361026323d8
camera_matrix:
  rows: 3
  cols: 3
  data: [341.152334824659, 0, 352.012446686565, 0, 343.652318113746, 221.322496186941, 0, 0, 1]
distortion_model: plumb_bob
distortion_coefficients:
  rows: 1
  cols: 5
  data: [-0.302105551950446, 0.0721547934136381, 0.00099829112580089, -0.00415830407151747, 0]
rectification_matrix:
  rows: 3
  cols: 3
  data: [1, 0, 0, 0, 1, 0, 0, 0, 1]
projection_matrix:
  rows: 3
  cols: 4
  data: [243.844192504883, 0, 344.932492901451, 0, 0, 278.576171875, 212.270782403881, 0, 0, 0, 1, 0]