image_width: 640
image_height: 480
camera_name: 08144361026323d8
camera_matrix:
  rows: 3
  cols: 3
  data: [788.247453606141, 0, 364.886406364638, 0, 792.002876292916, 223.656260031905, 0, 0, 1]
distortion_model: plumb_bob
distortion_coefficients:
  rows: 1
  cols: 5
  data: [-0.441681265075348, 0.308143535566077, 0.00368124209550078, -0.00294048541125576, 0]
rectification_matrix:
  rows: 3
  cols: 3
  data: [0.999230044935506, 0.00344124829328402, 0.0390829260466762, -0.00272281139337839, 0.999826616161472, -0.0184207468148468, -0.039139540062475, 0.0183001482312185, 0.999066164464803]
projection_matrix:
  rows: 3
  cols: 4
  data: [805.718148877466, 0, 341.075992584229, 0, 0, 805.718148877466, 225.037460327148, 0, 0, 0, 1, 0]
