image_width: 640
image_height: 480
camera_name: narrow_stereo/left
camera_matrix:
  rows: 3
  cols: 3
  data: [340.442128, 0, 329.169516, 0, 341.586554, 216.638353, 0, 0, 1]
distortion_model: plumb_bob
distortion_coefficients:
  rows: 1
  cols: 5
  data: [-0.27742, 0.0549, 0.00113, 0.001442, 0]
rectification_matrix:
  rows: 3
  cols: 3
  data: [1, 0, 0, 0, 1, 0, 0, 0, 1]
projection_matrix:
  rows: 3
  cols: 4
  data: [234.020172, 0, 329.407084, 0, 0, 279.937134, 205.557208, 0, 0, 0, 1, 0]