image_width: 640
image_height: 480
camera_name: 0814436102632744
camera_matrix:
  rows: 3
  cols: 3
  data: [784.08238799477, 0, 372.231428087019, 0, 787.292184076369, 226.703713627676, 0, 0, 1]
distortion_model: plumb_bob
distortion_coefficients:
  rows: 1
  cols: 5
  data: [-0.451260683354053, 0.303801758769049, -0.000104700304360612, -0.00356931633957671, 0]
rectification_matrix:
  rows: 3
  cols: 3
  data: [0.999330324159652, 2.51842828089606e-06, 0.0365910263401015, -0.000674587507021397, 0.999831310512297, 0.0183547119551871, -0.036584807593588, -0.0183671040972723, 0.999161749338124]
projection_matrix:
  rows: 3
  cols: 4
  data: [805.718148877466, 0, 341.075992584229, -316.934457404711, 0, 805.718148877466, 225.037460327148, 0, 0, 0, 1, 0]
